4.523461234254456009e+00 4.523461234254456009e+00 6.702983347320992991e+00 1.756415768969982860e+00
1.550045476193346161e+01 1.030750642297492803e+01 3.560464055568949959e+00 4.091130309185150082e+00
5.312454194792668432e+02 3.599821600771454086e+02 3.723254580520730883e+02 1.763756027000962945e+02
9.596542912246866308e+02 6.942733847637416602e+02 5.446108968177436509e+02 5.646687560270011090e+02
4.957584378013498281e+02 3.522675988428156302e+02 3.646108968177433098e+02 1.763756027000962945e+02
1.030628254580520888e+03 7.745048216007714927e+02 5.924411764705884025e+02 6.032415621986500582e+02
4.523461234254456009e+00 4.523461234254456009e+00 6.702983347320992991e+00 1.756415768969982860e+00
1.550045476193346161e+01 1.030750642297492803e+01 3.541511689368371130e+00 4.072177942984572141e+00
5.250737704918030886e+02 3.599821600771454086e+02 3.723254580520730883e+02 1.779185149469622615e+02
9.581113789778206637e+02 6.927304725168756931e+02 5.507825458052074055e+02 5.615829315332691749e+02
4.957584378013498281e+02 3.522675988428156302e+02 3.646108968177433098e+02 1.763756027000962945e+02
1.029085342333654808e+03 7.745048216007714927e+02 5.939840887174542559e+02 6.047844744455160253e+02
